#include "stm32f10x.h"

int main(void)
{	
	int i;
	int th[][2]={
	0,400,
	587,400,
	587,400,
	698,400,
	698,400,
	659,400,
	659,800,
	0,400,
	659,400,
	659,400,
	988,400,
	988,400,
	880,400,
	988,400,
	1046,400,
	0,400,
	1046,400,
	587,400,
	523,400,
	880,600,
	880,200,
	880,400,
	784,400,
	784,400,
	784,2000,
	0,400,
	392,400,
	784,400,
	698,400,
	659,800,
	659,400,
	698,200,
	659,1000,
	659,400,
	698,400,
	659,400,
	698,400,
	659,400,
	587,200,
	523,200,
	0,400,
	523,400,
	659,400,
	784,400,
	880,800,
	880,400,
	880,200,
	784,600,
	587,400,
	587,400,
	698,200,
	659,1800,
	0,400,
	523,400,
	659,400,
	784,400,
	880,800,
	880,400,
	880,200,
	784,600,
	587,400,
	587,400,
	698,400,
	659,400,
	698,400,
	659,400,
	587,200,
	523,1000,
	587,400,
	587,200,
	659,200,
	440,800,
	440,400,
	523,400,
	523,400,
	494,400,
	494,800,
	523,1600,
	0,400};
  M_SysTick_Init();
	M_PWM_Init(A1,2000,0);
		while(1)
		{	
			for(i=0;i<79;i++)
			{
				M_PWM_Init(A2,th[i][0],50);
				M_PWM_Duty(A1,2000,th[i][0]/10.0);
				M_Delay_ms(th[i][1]);
				
			}
		}
}
